1 12 0.141662440104111 32
2 66 0.163286015439083 29
3 66 0.103783007761499 30
4 14 0.184550246801895 40
5 9 0.194771533317 28
6 4 0.130923514443946 32
3 16 0.203273153926279 28
3 17 0.228971637887131 31
7 14 0.12512115877183 38
8 76 0.148147603525595 4
9 14 0.208226413448786 38
10 99 0.23609477389236 7
5 12 0.104461574215333 30
11 38 1 28
12 14 0.239832115935307 40
7 81 0.170100946865158 30
13 12 0.254429560071281 30
3 163 0.226064072200736 28
14 81 0.1024873386073 40
15 12 0.291347511083054 34
16 143 0.226967898000976 22
1 9 0.105681998924343 30
1 14 0.234528068922641 40
3 89 0.108901712838701 27
11 66 0.114763596698506 30
2 163 0.197277636128141 28
17 163 0.198843066695439 31
7 18 0.148004005127562 25
5 15 0.117391740679412 32
4 66 0.224447580695157 32
18 9 0.301150628933846 25
19 30 1 9
1 33 0.274203585940562 27
11 17 0.151088051646115 31
20 7 0.147795374650802 25
12 81 0.143041036960282 32
2 4 0.149962669407141 30
17 4 0.203649292082652 33
21 81 0.126953119072029 33
13 15 0.106438528066192 32
20 24 0.121519568702072 26
7 24 0.157258538840154 30
22 81 0.273070218006501 32
1 29 0.204775856373388 28
1 81 0.144206521152138 32
2 111 0.176834428887617 21
17 143 0.308135180408286 25
6 163 0.302352036261871 29
17 111 0.120221804806378 24
11 25 0.133162695133823 26
4 9 0.427277907567253 30
2 14 0.146884020858634 38
23 76 0.188490681387376 5
24 14 0.169749429691804 39
24 9 0.220848326703396 29
5 39 0.161884482594329 28
5 65 0.26400981097162 31
15 39 0.216933510723246 31
20 65 1 27
25 87 0.701268278390933 16
26 15 0.164862231264928 29
6 38 0.126749686559002 29
6 111 0.140178119575731 23
1 39 0.134022572092346 29
3 14 0.109964136658868 38
27 28 0.662853189942095 30
11 87 0.137328226580773 19
28 163 0.244099192650123 37
2 38 0.167724637453528 28
13 39 0.169989429870257 28
22 14 0.160384678103465 40
15 4 0.108200796956885 34
29 9 0.112273659396691 26
30 27 0.109071954706729 13
26 14 0.149419928378312 35
21 24 1 32
16 111 0.124360614954775 21
31 164 0.123236513645739 7
21 7 0.237815265815074 31
32 14 0.164680416286957 37
33 39 0.204018228383334 25
31 36 0.210055314283955 11
29 39 0.165902688345254 25
29 14 0.170699505727693 36
7 65 0.276285057126352 31
34 3 0.139621269108365 30
35 4 0.182958728282177 29
33 14 0.133542945633411 35
36 164 0.121165355626394 9
17 14 0.120394280595235 41
29 5 0.11601384687129 26
37 15 0.125403513755678 35
21 65 0.121519568702072 33
38 66 0.132003676875464 29
11 48 0.181007006025891 31
13 14 0.32035375985661 38
25 28 1 35
38 16 0.121345252412503 27
39 18 0.156257710677085 24
25 163 0.565140130925211 26
40 14 0.278562221114596 39
15 32 0.165931842615501 31
41 36 0.247907249130178 9
42 66 0.194022992787495 18
34 66 0.280702987115667 31
22 15 0.115261595304206 34
43 81 0.251077388322763 30
33 40 0.141025722336333 27
44 12 0.118253252884877 27
35 90 0.100176641350005 31
7 90 0.117680369814128 33
13 40 0.263496771554768 30
33 5 0.237735669346826 26
20 21 0.123813613099609 28
5 4 0.113132036081313 31
1 35 0.298914880437184 29
15 18 0.223491802538232 29
4 12 0.174653104572065 32
40 18 0.280994071251836 26
2 42 0.160078901130878 16
22 50 0.175798544292586 30
45 81 0.186812831683799 24
6 13 0.132429810313706 30
46 14 0.401499095984256 29
34 2 0.121018478368851 29
35 32 0.128061281705617 26
24 4 0.173629465671423 32
47 13 0.309324969149888 32
1 40 0.261038127375014 31
48 163 0.548207519004402 30
49 32 0.196213772518946 25
22 9 0.155590202012216 30
22 4 0.169741060099933 33
50 4 0.145495460198662 30
50 37 0.225966189050554 30
22 3 0.185754486383241 31
3 15 0.115261595304206 32
29 13 0.133458036971636 26
5 53 0.125403513755678 17
35 7 0.107300866150496 27
15 141 0.155630686449873 31
51 81 0.108032362215403 29
7 51 0.116349670811997 28
52 136 0.153644075026496 9
49 9 0.226670554779757 26
45 90 0.190685153731737 26
45 14 0.12616382098304 32
20 35 0.392394563260455 24
22 47 0.100176641350005 34
43 14 0.483320159912558 38
11 4 0.223534295261128 31
32 9 0.104500473913335 27
17 15 0.144287219629685 35
35 37 0.125403513755678 30
17 85 0.249509948893146 38
51 32 0.129785516835571 27
53 12 0.122480211095332 18
37 12 0.120200953242192 33
44 81 0.144949907305739 27
36 57 0.212660462056311 11
54 14 0.299306488069369 26
20 22 0.244327174431419 27
55 14 0.170078575637807 25
15 90 0.263844953251421 36
36 68 0.804627766599597 10
56 6 0.134263779765674 27
57 165 0.162144305704572 7
58 166 0.154407893162369 4
49 14 0.248061623237871 36
59 81 0.309616836839076 18
22 12 0.122468020435101 32
60 64 0.135823529577599 4
20 51 0.238519932716562 24
9 141 0.112457077067165 27
54 46 0.141313510842435 7
20 37 0.135042841073336 28
59 24 0.305538747217457 18
25 19 0.1104474668898 14
1 4 0.125706908852552 32
54 77 0.242778014991525 4
34 87 0.191128477947116 20
61 63 0.217456462806252 8
36 71 0.268433993738641 9
62 63 0.138920203914456 7
63 151 0.182292661032927 8
2 85 0.243071781294907 35
36 150 0.56862970286772 10
5 59 0.23883075509803 17
64 165 0.23599973735794 4
20 59 0.138264208234965 13
43 9 0.180707664657567 28
11 14 0.108810482173201 38
65 4 0.131850228071091 33
31 41 0.118447563541446 7
50 15 0.13353985721421 31
44 4 0.103297742150846 28
22 66 0.275063202754355 32
66 81 0.139802497049662 31
54 104 0.357035655337016 5
56 167 0.202733353602061 12
60 57 0.102157882790459 7
1 53 0.101440971220617 18
67 56 0.159713891139994 13
3 43 0.225898337774306 28
5 76 0.100144860916589 17
61 151 0.143676738062324 3
59 65 0.123813613099609 19
68 164 0.117386365955173 6
41 68 0.148320901867525 6
69 168 0.142366424721771 1
58 72 0.103241167142416 4
34 16 0.16295940761892 29
15 66 0.123123637958541 33
61 58 0.220170212657889 4
15 55 0.217731276011183 19
47 66 0.297055001193504 33
24 169 0.103924408062496 20
70 57 0.185855402020659 4
41 150 0.187486578845465 5
60 75 0.1427956070124 4
20 32 0.106057362548824 24
31 68 0.207709964928158 8
71 150 0.114542636288986 5
67 167 0.111284918350533 2
41 57 0.252614133504258 6
72 79 0.172420668421461 3
73 170 0.292449579800489 1
57 68 0.251779340548557 7
35 18 0.105717308143927 24
74 55 0.10950813684303 2
22 84 0.108587033308909 22
23 65 0.237687355945263 19
75 165 0.113217152984222 4
23 24 0.188849587553097 18
76 24 0.111121069486747 18
23 7 0.296241716079526 17
77 46 0.219525051988212 7
58 171 0.12006906084705 3
31 71 0.151063735817379 6
78 57 0.362724365097556 6
60 172 0.22535488482829 5
68 71 0.188371036687332 5
76 173 0.155504811791492 3
68 150 0.103207741559186 6
57 150 0.23159827648317 7
77 104 0.226532114901787 5
67 153 0.129817332190869 2
61 166 0.190562673816022 4
77 14 0.313523075628471 26
79 174 0.170625988347171 3
5 44 0.115261595304206 26
37 9 0.169280652300461 31
22 51 0.239789180441742 30
24 32 0.101973532108676 29
22 65 0.107876867656563 33
48 143 0.359046852123212 25
1 32 0.115230051644962 29
37 49 0.301348681689099 29
34 11 0.152400812118859 30
15 16 0.124053978116593 31
19 28 0.11049899999006 26
43 32 0.165168538902085 27
65 39 0.109211472615573 30
2 15 0.186666884162521 32
1 65 0.302686507660456 32
15 169 0.135560351970026 23
32 141 0.125068784034807 27
3 12 0.105543457150404 30
12 32 0.140974160697828 29
34 12 0.102028194242308 31
80 32 0.163675643681387 24
7 88 0.117190694715518 22
13 32 0.160804614042491 28
6 12 0.135081326642556 31
10 63 0.15719270400545 8
48 14 0.476298478178808 40
2 9 0.258514295991233 28
47 14 0.214830192940664 41
44 90 0.369831143748738 30
25 40 0.662853189942095 27
12 66 0.147360043786434 31
65 14 0.14028012720211 40
66 141 0.214478989047721 29
22 17 0.16980769180814 33
1 90 0.142687732810584 34
37 90 0.100176641350005 35
20 44 0.107876867656563 22
81 163 0.619940306864585 30
51 15 0.115261595304206 31
44 14 0.248573392202099 35
82 92 0.670892018779343 5
80 47 0.168177452361889 28
45 35 0.168169522091975 21
1 50 0.234366914308584 29
47 65 0.271698416745298 34
22 88 0.123283796606036 24
17 9 0.109567877688604 31
17 24 0.152628511783595 32
45 49 0.102702767528831 20
47 5 0.157813192417454 32
47 39 0.103901135978581 31
24 66 0.114438275593986 31
80 14 0.163754194953101 34
50 90 0.154416634161999 32
34 14 0.156383592480385 39
49 90 0.152165803157564 30
1 47 0.112770571437876 33
26 9 0.175198719121877 25
48 66 0.23692152917505 32
83 12 0.188095087811062 24
84 4 0.18083773648676 22
33 81 0.126278797908237 27
85 81 0.333913752749644 37
47 24 0.203878677397511 33
33 88 1 19
11 12 0.168668492922425 30
1 51 0.176637361467116 29
4 85 0.131708891458951 37
2 48 0.11903999730431 30
38 81 0.174328789072285 30
26 4 0.281430991016176 27
35 141 0.252308988611039 26
86 39 0.160488479872183 26
6 141 0.28016419661891 29
13 16 0.161348026252085 28
11 30 0.17863604587995 21
47 37 0.100965585688882 34
4 48 0.10242054507363 33
85 14 0.297131455426159 45
87 14 0.160326263653907 28
5 51 0.264428028455119 28
12 141 0.114327717678325 29
47 32 0.157790874093701 31
48 81 0.292361869058129 32
80 24 0.135149870322573 26
30 37 0.104461574215333 24
86 15 0.219954381488123 31
50 44 0.180509566277761 25
9 28 0.213416078869467 37
34 111 0.264856357402812 23
88 32 0.158910235443585 21
89 12 0.181425096393919 29
3 56 0.192710052562598 26
35 65 0.117369000675246 29
17 37 1 34
52 28 0.199404847743456 31
20 56 0.115125119814283 22
89 14 0.204800617860996 37
7 84 0.138010442029879 20
83 81 0.307966065965311 24
82 127 0.253952656644128 2
45 39 0.175143006603397 21
22 21 0.193871941491508 33
90 39 0.132796098988771 32
48 16 0.210334362447437 30
81 141 0.218706643969748 29
48 85 0.93963782696177 37
88 65 0.314859215413155 24
37 51 0.195150026762449 30
2 46 0.105389001926726 19
56 90 0.168162073494353 30
21 66 0.147006492817656 32
6 85 0.204145191859567 36
38 9 0.134524602643457 28
39 32 0.173233973050225 27
3 90 1 33
38 39 0.110751912168547 27
6 5 0.249686176858905 30
86 12 0.103411970820108 29
38 4 0.212412689026426 30
91 28 0.161700034581801 25
16 85 0.139651749894743 34
92 63 0.18443357284153 11
89 9 0.125220670616277 27
33 4 0.362360805810245 28
90 32 0.181523301176938 32
47 163 0.200829287888497 31
90 28 0.213922648231591 42
22 32 0.135538420950623 30
5 88 0.15987623904469 22
1 2 0.125102761574555 30
11 85 0.17563820016467 35
93 90 0.121062030608097 20
30 14 0.107398534634573 31
13 37 0.114607349807812 31
35 30 0.140697720781862 20
16 81 0.125203529182716 29
47 90 0.156744720965881 36
6 32 0.109321003552017 29
94 32 0.135051815038658 29
80 15 0.1787638208259 28
37 65 0.117369000675246 33
13 24 0.197131248870888 30
1 49 0.172768943607531 28
13 65 0.156959971987975 31
51 39 0.129318894401784 27
11 27 0.183242381795634 21
6 28 0.317187866277598 39
13 38 0.183518797536948 28
20 6 0.154942055777947 26
26 37 0.216835354541473 28
88 51 0.209227594218855 21
34 20 0.289533767009455 26
35 43 0.203133350030803 27
42 89 0.10448552420383 15
66 9 0.155590202012216 29
38 65 0.125032339302422 30
17 65 0.135042841073336 33
94 4 0.295705959875644 32
95 174 0.105933859658182 4
80 86 0.104785938839713 23
3 37 0.115261595304206 31
22 33 0.168162073494353 28
37 48 0.120849017333905 33
86 45 0.117007155219596 21
80 7 0.122983780590296 25
86 21 0.144756270461125 30
88 18 0.186804921489576 18
84 39 0.43377226462598 19
2 65 0.110732978788785 30
7 43 0.135090458011997 28
21 44 0.107585110811633 28
94 47 0.177928623636916 33
22 39 0.164698071231294 30
47 111 0.177493102192324 25
94 81 0.256464600143359 32
1 21 0.182281602676943 33
22 43 0.107281335879697 30
17 90 0.115261595304206 35
47 89 0.144654501513677 30
80 39 0.233082353703776 24
3 80 0.116835212710959 25
22 141 0.138396915230117 30
44 49 0.163146066592758 23
21 14 0.19279370950168 41
20 33 0.197022122637859 22
12 163 0.271713031429919 30
80 18 0.173764219060148 21
52 90 0.238671238888053 26
56 35 0.101684206792223 24
17 12 0.104461574215333 33
96 143 0.16028818629538 9
88 44 0.150623671712534 19
50 6 0.125606382004873 29
4 28 0.191345214987138 40
97 14 0.240850753505822 39
11 13 0.257346463874433 29
94 38 0.16884428592265 30
80 13 0.166862729465491 25
30 4 0.249808278771391 23
29 65 0.238519932716562 28
38 90 0.304468899437779 32
98 17 0.184756878049476 23
51 24 0.107731684532085 29
47 21 0.390103580077536 34
35 46 0.253203296736034 18
47 51 0.127352819151314 31
94 21 0.30166270965408 33
21 39 0.100442061342393 30
86 141 0.137856456579478 26
17 39 0.17950315227489 30
11 50 0.132005856878813 28
90 163 0.183729195211115 32
80 12 0.199493909807123 26
6 33 1 27
43 163 0.457024045328928 28
34 38 0.106445333300966 29
86 37 0.107100347485984 30
22 89 0.16970707171929 29
99 164 0.118916169610015 7
40 81 0.246624738812634 31
86 50 0.123787377539184 26
36 63 0.385517632379497 13
24 28 0.328983673281241 39
1 66 0.128599415868076 31
52 37 0.139005365752718 25
26 13 0.215544813210208 25
21 18 0.12378025075863 28
37 85 0.223452911737433 38
47 50 0.365508190107334 31
80 21 0.131971380487361 27
3 48 0.152181864421164 31
42 163 0.283126791391129 16
43 66 0.375016767270288 29
94 2 0.197944863217268 30
40 4 0.103613442113465 32
18 28 0.201716589239217 34
21 35 0.119094198645298 30
34 13 0.247448097679919 30
22 44 0.276945244956772 28
98 16 0.108336623619833 20
34 175 0.137790363200387 20
38 141 0.263672284140816 27
16 141 0.222932552805233 27
7 30 0.167904866280363 21
40 169 0.159062926242875 20
33 16 0.240082198743103 25
49 24 0.11578906784256 27
7 38 0.1309727571786 28
80 2 0.161149222438046 24
34 90 0.17269852862867 34
15 85 0.198477153555195 39
50 32 0.215464172589029 27
34 22 0.111569885895253 32
35 66 0.146570070623248 28
26 81 0.277079429870585 27
22 6 0.143908552744922 32
43 141 0.214706149505375 27
34 21 0.23412424234802 32
97 15 0.152370318599703 33
90 122 0.100176641350005 22
49 16 0.115187416267822 25
47 83 0.347882106633246 25
21 37 0.152628511783595 34
40 48 0.500278621905459 32
47 44 0.21086289830989 29
1 85 0.20378845346809 37
21 28 0.220684081302594 40
80 37 0.267646583270051 27
3 50 0.108648922391978 28
22 28 0.103275400722989 40
100 14 0.300179389679083 29
101 159 0.200785144411945 3
26 7 0.269189406997522 25
1 48 0.117806023098232 32
56 15 0.211749530363226 29
46 81 0.239517394137056 21
94 80 0.153621003292874 26
94 14 0.360405346488216 40
43 16 0.203091059899578 27
30 49 0.116596837666252 19
94 65 0.148701703613789 32
45 6 0.128765557603385 23
43 24 0.361859416543702 29
6 65 0.197022122637859 32
26 88 0.21314679485776 18
56 66 0.112378433095653 27
102 136 0.202264226233843 2
90 66 0.122760074820367 34
2 28 0.271452860877423 37
29 4 0.15498880607626 28
103 165 0.271806980224789 4
43 18 0.225920637227279 25
34 28 0.186293886367049 39
104 81 0.16700335093755 19
22 94 0.281120266906451 32
86 49 0.177046798245485 25
105 138 0.200917536432247 1
20 48 0.158614200471301 27
74 176 0.315361439170772 1
106 109 0.156340951209034 3
33 90 0.163870325390944 30
52 85 0.164127863048174 29
31 92 0.130711748629949 9
39 85 0.28134343032879 34
56 5 0.117701399639719 26
50 17 0.19842239527718 30
11 5 0.190800422442136 29
20 17 0.151941481225684 28
47 45 0.168273597412711 25
107 135 0.383672644062129 2
108 50 0.361772787892259 23
11 20 0.143482216548664 25
34 85 0.268035884809003 36
109 177 0.19519890410696 2
25 17 0.142392277597267 29
86 90 0.204171168936473 31
94 90 0.104709338459315 34
15 172 0.185091919400789 19
34 24 0.210967469900378 31
90 85 0.218410053842351 39
94 45 0.176822834210542 24
88 38 0.171900877072747 21
94 5 0.109076996995388 30
56 47 0.102728868146603 29
81 143 0.378662281049923 24
49 39 0.131030868596769 25
97 66 0.18443357284153 31
43 111 0.490972388962822 21
14 163 0.10682420487249 38
85 163 0.209432495231926 35
34 15 0.122212354448501 33
3 28 0.15578242263939 38
25 3 0.224738721916138 26
44 85 0.387641921429676 32
97 81 0.25438694473392 31
26 51 0.1293631695057 24
56 17 0.296896015443935 28
45 97 0.105563368789449 23
94 29 0.15237753368543 28
22 83 0.253242839144586 24
35 85 0.135128399917807 34
97 141 0.205819459081942 29
100 81 0.12788857572772 21
4 163 0.321104450478346 30
17 32 0.119002816850475 30
108 28 0.16138239734588 33
5 48 0.136278455774102 31
44 37 0.152749060561369 28
1 97 0.236526377560382 31
38 85 0.323056068638863 35
110 178 0.121167186720681 2
13 88 0.163715082636437 22
44 141 0.167622335851867 25
6 7 0.187806585746725 30
108 81 0.285572387171004 25
89 143 0.224688435697402 21
97 65 0.100972062778361 32
3 51 0.151438156343165 28
34 1 0.178157983405497 31
56 65 0.112181817550016 28
44 15 0.163534358039972 29
111 141 0.179418519954605 21
84 28 0.111415087028967 29
56 32 0.208085682247247 25
40 141 0.159386229750359 29
47 97 0.229857387846125 33
26 47 0.188442433039837 28
2 40 0.325496343282891 29
10 179 0.117437246792432 3
56 4 0.103277952402335 28
92 99 0.282372889279045 9
93 180 0.148048299194432 3
112 181 0.105549498850054 1
53 163 0.231986592633443 16
22 97 0.136177238252325 32
80 51 0.127768461511468 24
100 37 0.281542308777208 22
50 43 0.188426738206191 27
48 89 0.251558123662446 29
5 2 0.110936185266442 28
40 38 0.257346463874433 29
38 49 0.241737457508724 26
25 89 0.141779123454833 25
94 50 0.374362460073678 29
11 33 0.126749686559002 26
21 85 0.318726198352855 38
21 13 0.223446326161443 31
27 14 0.452948866671841 30
38 163 0.122328354896461 28
21 169 0.208391041786892 22
25 16 0.297274196052268 25
97 39 0.213291863509497 29
113 48 0.252123685226397 24
35 40 0.144139120756653 28
8 165 0.149163869013469 4
83 9 0.21050031694745 22
114 37 0.274482821425036 21
33 155 0.188918519702528 13
86 97 0.102768696696302 28
94 33 0.211949145432822 27
6 40 0.183219861614084 31
24 18 0.199258193550464 26
115 182 0.188838893844316 2
9 163 0.282441549776277 28
44 43 0.118303592122878 25
116 183 0.108225660708991 2
3 86 0.129318894401784 27
20 18 0.105833036588129 22
46 9 0.13026942293753 19
25 14 0.448422327600854 36
56 7 0.12564613602059 26
52 15 0.135042841073336 26
117 184 0.122675877505282 2
45 43 0.103163671760988 22
4 169 0.187586928976615 21
50 38 0.183242381795634 27
26 24 0.180705011983148 26
12 28 0.30571766544291 39
118 143 0.16116038113504 9
44 40 0.398631660778898 27
100 15 0.119963398691305 23
13 143 0.17941136919793 23
1 17 0.103702854363181 33
119 87 0.117463406351878 8
17 28 0.250555801604228 40
15 28 0.129605215138772 41
80 17 0.120767220142716 27
43 89 0.216717396961386 27
6 29 0.103349268786057 27
25 66 0.30118100349801 27
5 114 0.161884482594329 18
47 48 0.246685387192162 34
120 147 0.184951463274855 2
24 163 0.312345431976927 29
29 51 1 25
97 37 0.234127163217836 32
94 13 0.254583493610927 30
47 40 0.314486685347142 33
27 9 0.107080802848309 20
49 66 0.216406402398713 27
37 113 0.114985305619406 24
94 15 0.202682685625738 34
91 185 0.182955728018779 2
36 90 0.182749850907556 25
97 85 0.424604229432544 36
33 2 0.165312719421594 25
35 38 0.133162695133823 27
30 24 0.188698865764593 22
34 50 0.286312703851475 29
121 122 0.137849272767212 4
48 28 0.756190112269316 40
78 170 0.14149791989642 3
11 47 0.133269868329102 32
122 175 0.151007366178321 8
108 90 0.102051193337774 28
7 48 0.160525658703705 31
97 17 0.136943376174882 32
28 122 0.145297268677592 27
39 48 0.143782949513796 30
83 13 0.530100985170072 22
43 154 0.243092369417333 15
123 178 0.199485555696724 2
40 85 0.733221543095913 36
34 27 0.112791899455736 22
89 28 0.13214788077335 36
85 12 0.132353857009302 37
45 17 0.159065037693835 25
98 89 0.104633694740398 19
7 66 0.114208315004985 30
25 111 0.165501852571789 19
49 85 0.242206679083718 33
87 2 0.12006906084705 18
94 85 0.319402182171347 37
124 125 0.144862498263337 4
86 40 0.221068183510376 28
98 43 1 20
115 95 0.20788297157987 3
50 16 0.111442424738383 27
11 94 0.171097747158133 30
9 175 0.195700967313977 19
34 40 0.307991544656308 31
108 21 0.345185550028037 26
7 16 0.192068334627356 28
43 175 0.108613540212521 19
65 154 0.448735356342704 18
35 16 0.211298889712685 26
86 84 0.141076118797624 19
12 143 0.110434103420922 24
35 2 0.198381531802851 27
60 186 0.152922843111688 4
72 178 0.103241167142416 3
84 43 0.143041623462673 20
26 21 0.529708224291267 28
3 27 0.154416634161999 21
13 28 0.188008283576747 38
100 9 0.212172459571688 19
125 187 0.117827140326579 3
108 14 0.262049120770834 33
119 3 0.139813886968134 18
25 85 0.720593248649912 33
22 111 0.140109946398587 24
63 122 0.169280652300461 10
126 40 0.351662882863011 16
92 90 0.103783007761499 23
127 122 0.237335939101468 4
21 143 0.246950823784375 25
113 39 0.161024974494099 21
24 141 0.122488025983376 29
1 28 0.157009186791874 39
11 40 0.16976141695209 30
128 160 0.10940295906587 1
100 13 0.240082047399294 20
108 85 0.333950688917939 30
29 163 0.170320043460144 26
129 46 0.348527410058527 5
130 122 0.1890664160401 6
86 98 0.145854451861301 19
7 89 0.197116582388093 27
47 85 0.364712222794382 38
65 66 0.164590247451646 32
85 143 0.226711954959193 29
51 188 0.100176641350005 14
1 113 0.150857370212001 23
36 99 0.193375339456222 12
47 175 0.129715026839149 22
7 169 0.132159588528435 19
114 66 0.181377372912588 19
104 12 0.110924999976771 19
131 112 0.122734015963164 2
130 90 0.238045499867918 21
118 15 0.194771533317 19
94 113 0.112420938142449 23
4 175 0.17287335678772 21
132 165 1 5
56 37 0.101504899793409 28
2 84 0.104379520006906 20
124 174 0.101323495211315 3
83 14 0.216170945925867 32
11 18 0.145444790197853 25
65 163 0.336306172897624 30
37 89 0.303182835486567 30
3 35 0.192710052562598 27
85 28 0.388771699827507 44
50 52 0.12443918789526 21
52 182 0.107876867656563 9
100 2 0.28004878966294 19
52 97 0.192471616024521 23
78 99 0.257941842830094 7
80 16 0.112270923861704 24
94 97 0.251609253200427 31
21 97 0.299849090456051 32
21 49 0.198499616679257 29
83 130 0.187659732232994 11
2 7 0.173556623080331 28
133 5 0.166831628695756 15
11 56 0.1052838099576 26
43 85 0.731254191817572 35
134 116 0.141977433831436 3
135 85 0.415665656174286 23
6 21 0.179209546716931 32
136 141 0.244263200839237 15
65 89 0.244008838040752 29
52 35 0.154307789662288 21
114 7 0.107562306401734 18
17 40 0.200199682313473 32
3 87 0.182749850907556 19
137 189 0.117727636277602 1
37 28 0.201993344414639 40
56 48 0.123540942629529 28
5 89 0.107872962893271 27
51 85 0.162173983327245 34
37 143 0.206830881437114 25
52 16 0.247051281821765 21
109 132 0.162368477621037 4
138 99 0.190792802207633 6
139 117 0.151246898365818 2
34 98 0.149990145333276 22
29 28 0.23521638030269 35
65 28 0.252365836447748 40
17 113 0.210509302492516 24
98 48 0.135771075792713 23
94 18 0.161961903916787 27
97 43 0.181625191299967 29
51 28 0.159885620378553 37
25 9 0.213416078869467 26
31 157 0.311319248616616 6
88 49 0.203270130570713 19
31 95 0.123324761249385 6
50 113 0.207914320803602 21
56 51 0.133930544381116 25
50 172 0.114624602200626 15
108 15 0.203790805954088 27
1 83 0.229279121794294 24
27 12 0.113966432076141 22
92 36 0.181272478816555 11
34 45 0.115407395330725 23
140 166 0.10855631604244 2
94 108 0.159115948109092 25
6 104 0.20990301827615 19
90 180 0.100176641350005 20
114 28 0.107022136820092 27
29 90 0.151438156343165 30
52 48 0.302410938478192 24
26 6 0.29782268928163 26
53 169 0.234130069062935 7
40 163 0.399577383350732 29
141 175 0.144321240818939 18
83 111 0.330813455446702 15
142 159 0.199075295063109 2
99 90 0.161031463568617 23
63 179 0.254428682003196 7
25 47 0.242982200947005 29
47 28 0.238822746841884 41
26 1 0.133512502059044 27
26 141 0.20881849317556 24
94 28 0.287725425642815 39
26 17 0.189727697298728 28
3 29 0.159932051018213 26
130 14 0.169734346588298 27
24 89 0.202770903198851 28
11 21 0.176636144483788 31
13 89 0.432553945292348 27
22 85 0.192203627903915 37
124 36 0.118965992997841 8
119 81 0.129605253951413 20
130 37 0.125403513755678 20
94 48 0.300573649088977 32
25 30 0.11049899999006 19
11 44 0.122393258501794 26
134 164 0.202070409500909 4
108 7 0.218739100104639 24
56 169 0.132054273034771 16
28 141 0.112437949467025 37
20 38 0.137137384652463 25
29 35 0.147364121855063 25
143 141 0.231345033116954 22
144 90 0.116835212710959 20
24 85 0.264928948586166 36
113 18 0.165899375760458 18
43 49 0.256718313418031 26
145 134 0.105769908946256 2
93 63 0.193572639912468 8
25 114 0.309306627021356 16
34 97 0.164890862702511 31
26 50 0.474555460507328 24
49 28 0.23709653358515 35
60 117 0.193043922817381 5
1 143 0.264369290238256 24
146 99 0.264600156855487 5
125 132 0.107246282168916 4
27 141 0.228494261494233 20
87 4 0.135338648210851 21
48 141 0.246088669187058 30
35 28 0.119367073493384 36
26 2 0.12775691383583 25
83 89 0.222348440610028 21
49 89 0.10784301330108 25
33 66 0.128405741363347 27
51 27 0.180509566277761 20
144 180 0.132831619105282 3
43 28 0.468999582031713 37
21 113 0.140965854980939 24
25 81 0.301491458013954 28
11 29 0.107638530324942 26
92 134 0.280702987115667 6
147 103 0.213294239618109 2
97 5 0.245149784320139 30
86 2 0.253521460972209 27
6 175 0.102195005166111 20
125 95 0.165931842615501 4
16 169 0.153435361501235 18
114 15 0.178623485905035 22
40 28 0.61736186164907 39
25 13 0.61736186164907 26
3 88 0.163870325390944 22
86 24 0.130578868050256 28
87 30 0.268921727034361 11
29 48 0.177622650674991 28
84 32 0.101831409200493 19
94 40 0.307530028729559 31
1 111 0.118730235959586 23
63 28 0.179875908765201 30
29 97 0.1719268073266 27
148 113 0.238762405836923 8
103 125 0.195441134211197 4
78 10 0.115975285467804 4
98 21 0.129887228352299 23
26 29 0.314959001311439 23
80 100 0.225918448599555 16
97 49 0.263985912493693 27
49 18 0.414319217402339 23
13 48 0.200829871665974 31
84 18 0.163218399228531 17
149 175 0.212464687487899 5
94 163 0.139857740919387 30
98 163 0.11623759826042 20
47 143 0.118189066013061 26
65 85 0.37368036898917 37
18 85 0.159874951133691 32
108 37 0.110074842350872 26
150 69 0.139836764232297 4
50 169 0.280885845253217 18
97 7 0.211115052007992 30
144 36 0.321330502632073 8
97 143 0.204582579033042 24
25 6 0.10163285870454 27
65 143 0.397709993901385 25
29 85 0.173781557514485 33
21 40 0.254910248488529 32
52 89 0.111007256189638 21
17 27 0.225966189050554 23
83 5 0.197795594008181 22
119 114 0.178579068075406 8
135 163 0.337037510296462 16
130 28 0.11233022075009 26
6 51 0.14469365591419 29
94 12 0.266506833652123 32
26 3 0.213076045482353 25
83 66 0.186649515004395 23
113 24 0.140965854980939 23
56 24 0.153248402666945 27
40 51 0.133458036971636 29
65 175 0.203935090810069 21
6 97 0.192810387435827 31
151 90 0.256455509198814 20
94 84 0.229101780194301 22
108 38 0.189812635583865 23
30 16 0.191105027159511 20
108 47 0.12677104796277 27
92 28 0.30118100349801 28
44 28 0.308703031381535 35
152 91 0.14063622442711 2
98 14 0.201744109395587 30
153 186 0.147471898101302 2
50 29 0.118226763347746 25
6 83 0.130903372638609 23
131 63 0.143088330682205 7
86 85 0.154042012093224 34
119 111 0.176119990828233 11
154 28 0.205328249496824 25
34 51 0.140228958305042 29
83 32 0.164679461004492 21
25 21 0.693987864248228 29
38 111 0.329070192921891 21
155 190 0.226091162120884 2
98 90 0.225898337774306 25
80 40 0.125723037080691 26
100 28 0.224739054872481 29
84 141 0.179029362544925 19
40 16 0.201174674312641 29
60 174 0.238242387288943 5
11 191 0.336083869472362 15
33 97 0.146900888138305 27
3 45 0.190685153731737 22
33 100 0.120749212754798 17
25 48 0.403084713379961 28
26 28 0.317873501023082 34
120 192 0.137287042166815 2
5 113 0.24302652697769 22
27 81 0.267896370523239 22
156 183 0.111412518651213 1
20 108 0.189252056642712 20
29 17 0.179572106314283 29
33 89 0.234107143523423 24
86 108 0.155686531151803 22
52 17 0.213410784130019 25
37 162 0.301348681689099 18
86 6 0.211894027168045 28
101 19 0.101031042333296 3
22 108 0.107146730296586 26
25 12 0.176986230087706 28
108 39 0.135613873625232 23
51 89 0.187895408105348 26
33 48 0.158686463028757 28
157 8 0.176426108978644 3
86 48 0.13344411475898 29
94 43 0.201726886464743 30
34 49 0.1538388130783 27
98 44 0.115653429080253 18
11 86 0.1735296433856 27
51 16 0.123910826784607 27
18 141 0.25479662555655 24
45 89 0.159551880175815 21
104 66 0.209401982961477 19
157 36 0.140289651142918 8
38 113 0.237714705693227 21
88 16 0.119005984822183 21
158 18 0.191807136962878 12
86 113 0.161611612178392 20
20 113 0.133973411064642 18
137 63 0.226775956367832 7
119 19 0.162206193795653 6
50 100 0.260441989124033 19
44 163 0.155636835773591 25
111 14 0.190508292312404 31
23 132 0.197306264526717 4
108 65 0.138264208234965 26
30 32 0.101795334694067 20
104 85 0.114985362102754 24
34 48 0.139056685750352 32
159 166 0.315383050137648 4
93 99 0.156217070605379 7
99 72 0.172420668421461 7
86 193 0.137572168233084 13
120 155 0.290093498779708 3
160 109 0.182904545473527 3
46 12 0.106671962733367 21
13 85 0.286284919594008 35
97 38 0.187410137252825 29
56 33 0.120999850321808 23
97 18 0.21111454787413 26
108 5 0.14317608769491 24
106 194 0.161256912415665 1
97 40 0.361567841414118 31
58 92 0.182657173525653 7
161 159 0.28582094645003 2
86 27 0.159182204434837 19
52 39 0.151512660035536 21
119 16 0.138902440649119 17
31 63 0.305638408441541 11
158 89 0.102403733931753 14
52 29 0.215490861919376 20
11 195 0.108391247320221 15
83 46 0.267236257922083 13
42 14 0.250536596150281 26
6 135 0.100099649564017 17
97 163 0.314923402305932 29
34 119 0.175175165562791 19
98 5 0.194306276884521 21
162 9 0.169280652300461 15
