1 89 0.121032203470867 23
2 17 0.177294131530096 25
3 81 0.151176586608082 28
4 19 0.140116238731781 31
5 17 0.218763270028614 22
6 89 0.192697856103376 22
7 81 0.10234588551045 31
8 1 0.122418825297201 22
9 79 0.169507226011889 5
10 28 1 27
7 82 0.110982342216825 32
6 1 0.295342810294123 20
11 131 0.175866362353872 8
12 82 0.171657724450072 33
13 132 0.109924977247412 15
14 81 0.206883019029719 25
10 4 0.164170287906819 32
5 20 0.126549841318934 22
10 29 0.106368825218629 31
2 20 0.140647978658614 24
7 8 0.149838433690732 26
15 133 0.209602408288218 10
16 20 0.12774108376368 20
17 20 0.211400567231425 23
18 82 0.183149636108041 27
19 17 0.138622604629616 26
8 89 0.133658930092974 23
4 20 0.130432575809525 28
20 132 0.118170292801247 22
21 34 1 10
5 19 0.13020013272589 25
22 12 0.163396213632079 33
14 32 0.141055586586765 21
23 18 0.106563087378916 27
1 82 0.185382688779099 28
24 82 0.13656263538279 31
6 3 0.110654324148667 21
23 12 0.134265091853778 33
10 130 0.210575713906395 31
25 82 0.16400545545276 31
13 29 0.117925409370484 20
2 13 0.275094803776767 17
10 27 0.226420079260238 27
19 89 0.580665284867754 27
10 17 0.100394565654719 27
26 81 0.21595399463524 26
10 5 0.248210789431758 26
12 81 0.326498328868998 32
12 89 0.185196889534422 28
19 82 0.174001280215601 31
18 26 0.103304141464991 19
23 59 1 30
27 87 0.36101570253091 16
28 130 0.137352675725689 27
29 81 0.129392121709882 32
4 13 0.204366337578901 21
27 31 0.163208583818548 18
30 42 0.105697898197189 22
31 130 0.329166439312875 22
10 87 0.128231175892907 20
32 8 0.220860219121861 24
33 19 0.115776695337424 27
25 81 0.134325208323529 30
3 19 0.205858559340089 26
30 89 0.207866709608289 26
34 31 0.129254401283174 14
35 81 0.267864251072782 28
24 12 1 30
36 134 0.201994214921591 7
18 8 0.160574369869221 21
8 81 0.26382303683379 27
30 26 0.137389448573085 23
30 81 0.159209858726851 30
37 5 0.161969956213887 24
32 81 0.157437540353182 29
7 19 0.271133392093111 29
30 18 0.127025526598377 23
24 59 0.134265091853778 27
38 89 0.170254797823898 27
27 130 1 27
28 17 0.130635749073035 24
27 132 0.143579921750491 22
38 81 0.219232166118999 31
37 29 0.165955966256378 29
4 3 0.120275087270685 28
7 38 0.318341728020342 30
30 3 0.115835966350913 25
39 82 0.286435483624502 29
40 89 0.124959694125328 24
17 81 0.271016206621178 28
32 38 0.248425548951158 28
41 19 0.117627449425186 24
42 1 0.100851027423162 20
7 33 0.132477491212248 27
32 18 0.103321396276264 23
37 16 0.119512126679117 22
33 82 0.226146065125572 29
12 59 0.106563087378916 29
14 40 0.113179247542544 20
38 26 0.109526272647215 24
2 93 0.280613302054962 16
25 22 0.312174943038224 31
22 82 0.219103122823116 34
43 81 0.16598607251066 20
37 2 0.195896016149528 27
40 135 0.169526198009192 19
12 19 0.222139165659071 30
18 38 0.13927391445911 25
44 132 0.101975238233977 22
45 135 0.213170695665637 16
40 50 0.200261491722982 26
25 19 0.128415213321556 28
19 135 0.137113272798273 22
27 28 0.210575713906395 24
30 6 0.188923195005805 23
30 38 0.455576917996619 28
7 50 0.134093487937568 30
15 136 0.105227847942066 6
46 89 0.141981487376711 16
5 86 0.145539703468983 30
25 69 0.110196245076225 24
39 81 0.307472083833673 29
39 19 0.168750923044317 27
10 19 0.136599773392847 30
23 60 0.210204388361163 28
5 137 0.171965188394523 23
4 89 0.100803852213367 29
3 138 0.112386587939037 17
5 12 0.141368698924128 26
42 82 0.106439871739269 26
47 52 0.202874450348398 7
23 25 0.225897429365711 31
48 81 0.255587263111832 17
49 81 0.113953841741297 19
50 1 0.10074384103623 26
47 65 0.42518270839095 7
51 4 0.100041230894117 23
23 22 0.117470076447018 34
52 131 0.12667077829548 7
4 82 0.276991510067984 33
53 82 0.349096559409884 18
41 12 0.108946399831813 25
54 56 0.152854977393577 4
23 50 0.124156595738786 32
55 43 0.153959507359336 5
22 40 0.173306340627342 28
23 41 0.120038871775568 27
53 12 0.117539510899996 17
11 52 0.297393603643544 7
27 21 0.109498073835939 14
38 46 0.223201335326828 18
37 87 0.197466244515017 18
47 139 0.116721640015575 7
23 14 0.202837086403711 26
47 123 0.287101590046659 6
23 6 0.174031439021502 27
56 131 0.185302913390197 6
23 53 0.167974601795264 19
57 89 0.138606333948223 27
58 131 0.190505780600686 5
10 81 0.245459567406977 32
22 89 0.217473294745238 29
59 19 0.116305036999779 27
36 66 0.111914298307643 7
22 3 0.132555655376018 28
60 50 0.100715693313579 26
61 140 0.136988124135152 1
11 56 0.117147965741322 6
29 82 0.111614533211914 32
62 141 0.100270362761598 2
51 140 0.105059503262972 7
63 131 0.167279436644343 6
64 51 0.127576813368451 8
58 142 0.111125114176381 1
65 134 0.154232506235879 4
66 65 0.160907466768275 4
67 143 0.120256551142798 2
68 62 0.10832585305584 3
3 29 0.190021548913113 27
69 29 0.215901932289763 26
30 46 0.200261491722982 17
12 97 0.122603864164327 23
63 52 0.171793668296549 4
54 71 0.106843752811401 4
23 135 0.109433920640922 25
36 65 0.288258920275156 8
52 65 0.233995597901005 5
70 48 0.107946905933281 1
52 139 0.108261347155784 5
71 131 0.121316969050302 6
72 12 0.211961547873383 18
73 7 0.177485483829438 16
74 43 0.135705902500067 5
36 123 0.131336799441053 7
72 59 0.199747391178664 15
75 144 0.153151256400734 1
73 18 0.238062099790052 11
56 71 0.138117757856383 3
23 73 0.131020189400306 19
76 68 0.370825253744064 3
36 139 0.115622378107404 8
7 135 0.111146816619292 22
74 81 0.117909148989212 17
72 82 0.27300535400803 19
77 145 0.143514223332264 3
7 72 0.132074806695642 17
68 141 0.138724070121178 2
66 139 0.103920284826689 4
4 40 0.192410932666448 28
25 50 0.349362226967089 29
40 45 0.208364791273123 20
18 41 0.199228279646425 19
23 137 0.104428851490451 30
12 135 0.170240066274866 23
5 24 0.145975288065972 24
44 138 0.168278208313615 17
69 3 0.169225894138405 22
37 10 0.101900867687328 29
78 7 0.117485461406949 27
7 41 0.172489065786125 24
21 130 0.12966811392845 18
2 3 0.203077251901253 24
2 1 0.236681957124358 24
42 50 0.215168231930526 24
23 45 0.167391619020689 26
79 124 0.176532483325092 6
60 42 0.222652288695785 20
59 1 0.13664296130188 24
14 12 0.332157732816777 24
57 14 0.134188079712781 23
6 132 0.176829908611644 20
80 109 0.112892965602073 7
45 1 0.105059503262972 19
37 4 0.106679037904941 30
4 1 0.163465605335176 27
60 3 0.244638069536187 22
9 124 0.190754695183646 3
81 137 0.228290638017907 29
22 84 0.232167898759116 25
44 81 0.3074707752163 28
2 89 0.154810561705122 25
27 38 0.329166439312875 27
60 18 0.119138091782781 21
59 81 0.120816354936723 29
29 137 0.13312784210115 28
59 135 0.236399298952045 20
40 6 0.223201335326828 21
4 12 0.143229668703162 32
82 132 0.159193731673776 27
83 80 0.187132566229101 5
14 22 0.127147357232647 25
69 59 0.180866190538052 23
84 19 0.210880981643713 22
25 84 0.114098727261767 22
35 18 0.165957627923593 21
85 89 0.156079768858213 14
16 89 0.102458050589807 21
69 26 0.170431571345885 20
12 29 0.148325416357674 31
25 45 0.203481730645383 22
57 82 0.102487258896516 32
22 33 0.106497498146081 29
14 69 0.258893860666736 19
28 81 0.165935572279553 28
44 29 0.231341504937011 27
86 82 0.140295882418855 37
32 84 1 21
14 50 0.204899701324679 23
19 86 0.218542490019543 34
2 44 0.102933375557096 24
40 137 0.121018911343213 24
4 137 0.104515909752027 29
84 1 0.145537935323383 19
22 24 0.161794312798552 31
14 42 0.144082033530096 17
78 82 0.163924205370539 29
69 41 0.117656415990771 20
19 44 0.328915285813084 26
75 93 0.146095918176672 4
69 16 0.180308198941108 19
86 81 0.161162250177362 36
87 81 0.213192243341734 21
60 89 0.167067179138014 23
69 137 0.151869203997624 23
88 3 0.111967556937175 19
6 137 0.201582237178434 22
44 82 0.271519546207687 28
57 12 0.166189278997559 31
22 42 0.230210872882165 26
39 26 0.157988447105282 22
89 130 0.140428748771685 28
35 40 0.116185291815816 23
23 29 0.116448914652384 33
16 41 1 18
18 88 0.220237600529119 17
78 84 0.236971119208816 20
90 82 0.161324620534895 23
37 39 0.348543391964467 26
41 29 0.119132387276518 25
25 24 0.422602200061011 28
44 17 0.221208345178996 23
41 26 0.218296908243009 19
2 39 0.122429283172194 25
44 86 0.790789921688798 31
39 3 0.156273526535391 24
40 88 0.158545403440021 19
16 133 0.293521625844933 14
2 33 0.153979810381825 25
78 32 0.102492142128335 25
4 86 0.228215168618544 36
19 20 0.120448731686638 26
57 59 0.101011030404167 28
5 33 1 23
23 39 0.113887085184275 30
28 19 0.183071908410516 26
91 130 0.148569136034153 16
25 78 0.151863461136475 26
33 130 0.109355070522885 28
25 135 0.214238278005709 21
18 84 0.17041294184773 18
78 59 0.146266746757988 25
10 86 0.170768675707661 35
25 17 0.246740607566811 26
34 81 0.182661831631161 24
6 41 0.123056734428507 19
4 41 0.113612948257759 26
23 35 0.114055633250864 29
92 135 0.122190058474427 16
12 44 0.249096712601628 27
37 137 0.167093743053525 26
22 59 0.120210121878952 30
40 44 0.159536436081113 23
23 4 0.214164921219839 34
84 50 0.128056411121185 23
37 23 0.316212702988811 31
93 20 0.209996836076782 15
28 1 0.177861670152302 23
16 59 0.120038871775568 21
26 132 0.160402053197152 20
10 12 0.181205803571968 31
57 78 0.173294300160141 27
5 88 0.177810260129053 18
16 39 0.12143320070433 21
25 32 0.274713281968894 27
33 17 0.233625307883434 24
41 44 0.180103779473444 21
25 44 0.11155854171183 25
78 24 0.201145048523692 26
57 19 0.19396120521413 29
10 102 0.165460210358685 24
2 59 0.186143999374822 26
34 89 0.145964385693574 20
39 59 0.182041099702081 25
28 41 0.180000515916463 21
6 97 0.11189574248393 17
5 57 0.166034335230259 25
24 81 0.149357548162285 30
23 32 0.130661707177258 30
51 40 0.122370724198966 18
94 138 0.176768180252025 6
33 59 0.229130740606826 25
22 4 0.108656024860218 33
19 130 0.183829284032308 30
10 6 0.241850693784347 25
51 2 0.137891973438224 19
92 28 0.225826053454999 20
57 6 0.192534781914381 24
34 19 0.19767136798994 22
30 59 0.124156595738786 26
24 17 0.159157890680133 26
28 33 0.199753031680484 24
50 12 0.181802589152594 31
92 78 0.11243903169102 20
40 43 0.202443785387623 15
30 82 0.186945260797024 30
10 22 0.186750081904129 32
84 137 0.205521058557407 20
39 33 0.121038585034935 25
57 1 0.105071618579638 26
4 32 1 29
25 20 0.103091731034416 25
50 137 0.13312784210115 27
10 137 0.119216730510805 28
57 42 0.14656982271141 24
79 134 0.229321218386523 5
35 33 0.253042623535897 24
22 32 0.165612911591278 30
38 82 0.194158231789643 32
34 1 0.157294143930236 19
78 40 0.223278517875999 23
35 59 0.236155167259501 24
10 7 0.185282101476686 30
12 130 0.128209411011635 31
50 45 0.12780716009985 23
22 86 0.195064965850053 37
25 34 0.15590953750133 22
95 137 0.102497248334507 21
35 6 0.390086926064539 21
24 8 0.271473784379679 25
57 24 0.222759958542421 29
30 135 0.273689439617393 21
23 34 0.176361907278086 25
37 26 0.238301554682973 23
45 137 0.119311384046656 21
92 2 0.177766594873909 21
24 135 0.16086716770836 21
8 130 0.211755353433071 26
32 130 0.127082685196736 28
20 86 0.12565242763336 31
22 29 0.160547182946559 32
23 57 0.160161365520223 32
96 17 0.120328441901559 21
28 137 0.13289972899729 24
97 89 0.161523068016929 20
7 34 0.132477491212248 23
95 86 0.100130733658904 28
38 97 0.156395327357613 22
51 82 0.101647032316436 23
32 17 0.163037171927917 25
7 28 0.153845002741097 27
57 2 0.198774508548176 28
37 25 0.122689797156323 28
40 29 0.178480057524562 27
17 1 0.113945857440357 23
24 30 0.169383397998443 27
35 82 0.173338926094063 28
6 50 0.202361527267931 24
37 24 0.246261921738566 28
24 28 0.181205803571968 26
51 17 0.164654763792223 18
26 137 0.20417370694886 22
88 33 0.177810260129053 20
69 42 0.106375450152943 19
78 30 0.148783453434314 25
2 45 0.178583642735024 21
24 33 0.141368698924128 26
57 41 0.232830992516386 24
5 22 0.158198880818978 27
25 130 0.10134600600259 29
98 146 0.137051288492189 2
35 7 0.129130186954315 26
41 39 0.108376913703661 22
86 89 0.173468964480734 32
43 82 0.122333376864716 21
92 57 0.184264271697428 23
39 17 0.177160519810698 24
34 45 0.236221839645824 16
14 20 0.113005836101453 20
60 4 0.193130651692136 27
99 2 0.144577686454972 24
60 41 0.124293803095071 20
4 59 0.130661707177258 29
35 84 0.108802332210161 19
100 136 0.180735386454218 3
33 29 0.114095926604562 28
2 50 0.19563956680455 28
10 26 0.169393751380722 25
6 16 0.227267732559428 18
39 8 0.277504368745442 23
78 50 0.115998831942258 27
96 86 0.146940185740398 29
36 122 0.101184409925008 6
18 16 0.164718645125513 18
27 2 0.101243411873359 25
37 130 0.182792879354117 29
49 82 0.107468946408681 19
10 132 0.165410629258306 26
25 92 0.118999400156786 22
78 45 0.257486799317575 20
101 139 0.166068442149376 3
36 80 0.19609316283919 10
69 60 0.127965550316987 21
101 116 0.134131958610784 4
102 22 0.210892360352918 26
10 23 0.196708821670474 33
37 86 0.297585340932668 34
7 130 0.10295531539582 30
27 16 0.121032293855768 20
18 28 0.121195687692481 22
24 3 0.116813287571062 25
90 3 0.143142049449309 18
22 137 0.119139822658494 29
92 29 0.104388032828592 24
25 97 0.142871238350331 21
32 86 0.287020987905921 33
33 86 0.11103838059112 32
92 137 0.226553754371622 21
28 93 0.104408857528045 15
51 69 0.162764303482587 17
82 138 0.117723683232305 22
81 132 0.123637308986119 27
86 132 0.17846527172807 30
11 145 0.142543128884358 7
23 132 0.160104262785162 28
42 86 0.210875945182233 29
22 8 0.249977338790124 28
99 82 0.234357202408327 28
35 1 0.129384561662839 22
103 19 0.177806636681867 17
35 50 0.152655050153091 26
24 32 0.143229668703162 27
51 16 0.174835535758531 15
40 86 0.11961336310731 31
99 137 0.143942477885824 23
60 88 0.140891960389773 18
19 132 0.218726170592778 25
26 20 0.164614807237738 21
16 135 0.118349711256513 16
102 130 0.35510418291645 24
60 32 0.178142342150302 24
86 137 0.135504583849683 32
6 84 0.228507781401394 17
69 30 0.105754759996928 24
4 7 0.100295669104294 31
102 82 0.1537104647195 26
20 138 0.21561438209022 17
96 26 0.160828304189509 18
92 42 0.11550872849135 17
57 22 0.22730273766756 32
37 14 0.176186930678856 22
104 145 0.171145057968379 5
60 59 0.210204388361163 24
88 130 0.183522314777237 23
69 99 0.203334953891878 21
11 104 0.182643898218371 6
35 69 0.169558874928842 22
51 19 0.14599452575334 21
80 79 0.167277476381002 8
100 133 0.213289984516914 7
46 132 0.229258373368649 14
25 99 0.107204756432234 25
88 29 0.166135121488822 23
57 50 0.166985291357642 30
44 20 0.133937718678922 23
84 88 0.157442971925081 15
60 12 0.136158545714535 27
38 28 0.241850693784347 27
78 39 0.115418461921229 24
37 92 0.104546232876712 22
92 22 0.122255834921769 25
24 86 0.176026859902926 34
31 81 0.41981436760355 23
37 32 0.122850547430226 27
23 130 0.276769381981072 33
60 29 0.143172489152292 26
42 12 0.116022340016761 25
25 8 0.199863233600079 25
99 26 0.137871170616188 20
95 44 0.109672064894624 20
10 96 0.129089018167848 24
95 1 0.120582790997937 19
49 42 0.310842107812641 11
22 99 0.250616873241323 28
90 89 0.190056109265186 19
103 41 0.160184382000276 12
32 137 0.132003950772702 25
35 26 0.136365740141279 21
4 38 0.244781162028871 31
12 8 0.252771517260211 27
40 99 0.257366740955648 22
42 39 0.259119043063374 21
105 147 0.161815125496007 2
5 78 0.10944526563156 22
23 8 0.136436486650354 28
27 81 0.117112967263179 28
92 50 0.134382513091333 23
51 7 0.206480006678734 21
60 39 0.100830758599999 23
19 97 0.113965491721729 22
35 12 0.237881026080475 27
10 25 0.102171819817501 29
1 130 0.187272091350995 26
23 97 0.145715219143192 25
42 38 0.222198685400886 24
5 90 0.100911861034937 17
106 3 0.181365694668644 16
23 99 0.167791831686653 28
22 20 0.185213301428516 28
107 87 0.186484387802446 8
47 148 0.339719155760659 5
3 130 0.11786241721146 27
88 149 0.11192731050103 8
32 40 0.147714524951495 24
108 81 0.130584584710677 17
69 96 0.226559907440315 19
2 135 0.165491394335091 20
18 103 0.134099014063526 12
12 132 0.13880923622289 26
30 50 1 28
45 29 0.133954926810693 24
92 3 0.143097366666368 20
60 28 0.139449110132111 23
57 30 0.103620752181875 28
47 33 0.101491643052235 17
99 86 0.257215960004862 31
57 88 0.139852758996036 22
80 15 0.174127284455357 9
37 22 0.320609170201879 31
3 132 0.128639279281159 22
44 130 0.259940528987746 27
99 109 0.207865749163321 14
109 133 0.121268312123507 8
102 33 0.113838930621308 21
7 43 0.192538360663361 19
7 44 0.151679940672608 26
7 138 0.206046768897624 20
87 16 0.149106178358786 13
64 83 0.19561774892648 2
57 86 0.219027466395959 35
87 29 0.111795140187399 20
90 39 0.263862145299409 19
90 6 0.166267135055359 16
35 60 0.182449309087127 22
29 133 0.15598711306164 21
38 86 0.374584842792601 35
54 150 0.119535634097089 3
37 31 0.1443301699575 20
86 1 0.157043882752016 31
23 86 0.122430005163812 37
7 29 0.231503893314335 30
27 13 0.158608655776151 16
80 143 0.119132387276518 6
96 19 0.101002739510228 23
110 104 0.197416063850354 4
78 38 0.236948973212538 27
96 39 1 21
69 46 0.116961371373677 14
22 17 0.11441637525221 29
10 92 0.14760374835632 24
89 133 0.149310083067029 18
37 38 0.311279740337688 29
102 24 0.332979447862401 23
7 17 0.158964664849922 27
59 151 0.120661895405128 13
7 95 0.141211721964946 23
23 31 0.120210121878952 24
35 24 0.422921057717975 25
5 31 0.106497498146081 17
104 127 0.181201927105942 3
22 130 0.163208583818548 32
107 5 0.111724307992977 14
28 20 0.24170938898402 23
27 86 0.301447689421513 32
35 57 0.132852147335471 26
25 13 0.355833394514105 18
111 38 0.292914476151807 15
107 132 0.122162616029282 14
12 137 0.247934928803086 28
98 109 0.261801384170503 4
10 38 0.133542526373678 30
106 6 0.104001002681437 14
102 86 0.23999826612441 29
28 3 0.164924710742333 23
88 86 0.116163362309067 27
112 43 0.212170638919214 5
85 109 0.100435583776101 5
7 20 0.133447820396534 26
57 32 0.121814456840882 28
95 29 0.274560024107191 24
36 143 0.25647507525223 7
33 8 0.166092309622102 23
47 79 0.118437141468595 8
28 50 0.165887220994135 27
16 7 0.311291784759311 23
7 97 0.247585471650029 22
103 29 0.140253913977498 18
16 34 0.126521709353498 16
7 45 0.169906203392262 23
9 152 0.140539628875757 2
96 59 0.113887085184275 22
113 3 0.103843693889501 12
79 133 0.197839061740081 9
114 131 1 6
37 78 0.20295133900227 26
10 95 0.293021921744624 24
110 145 0.254496259494443 5
7 86 0.342291467680802 35
86 130 0.19938810765021 35
4 31 0.165612911591278 23
96 135 0.132281248097035 16
57 17 0.218698441796517 27
92 99 0.154245549515826 19
10 51 0.104593875937348 22
39 86 0.562183189412605 32
115 105 0.116425152349846 2
39 50 0.169173690854149 27
116 86 0.286220969981168 23
4 24 0.264699833509515 30
15 40 0.21261314697901 16
5 87 0.101491643052235 15
78 17 0.23158262370199 24
50 86 0.117750242094452 35
49 97 0.16714864616701 10
4 95 0.104440226569762 25
117 143 0.11163666838625 2
15 29 0.143378417000964 20
22 138 0.190846373998433 22
15 95 0.118832204219177 13
17 130 0.105965125785146 27
42 88 0.176251141262288 16
96 44 0.189276844594818 20
25 132 0.118785123188877 24
118 131 0.164080311205734 6
99 39 0.109648423959096 23
102 50 0.133956844821724 24
27 89 0.140428748771685 24
36 11 0.134206445183774 9
22 95 0.273949220548392 25
27 153 0.129271615424956 12
119 89 0.311797990054856 13
102 3 0.218532268774992 20
14 90 0.180662315135882 15
2 34 0.105248576190971 21
107 46 0.105690024697052 7
120 33 0.15626733667986 13
35 4 0.237481618976609 28
14 34 0.112580977683211 16
5 15 0.15626733667986 15
28 12 0.157218854815796 28
64 80 0.166053226679965 6
121 146 0.323239630373765 1
79 33 0.150289574493881 16
27 69 0.114670721379659 22
5 30 0.15626733667986 24
85 81 0.11335551419389 18
12 20 0.244468186095232 27
10 24 0.221178867953493 29
25 86 0.349337673512764 34
110 47 0.121514400303264 6
107 82 0.119838492576821 21
85 41 0.15093662606214 11
36 131 0.117098407305655 10
27 34 0.12966811392845 20
93 138 0.192276248016325 9
2 97 0.125534228354319 20
106 33 0.117627449425186 17
30 40 0.122317695780897 25
10 60 0.139449110132111 26
50 8 0.203887295708534 26
122 33 0.166034335230259 13
12 86 0.430978889216166 36
39 45 0.201953387314344 21
27 103 0.244480753699567 14
37 99 0.116534447047982 25
35 22 0.365469462565798 28
69 106 0.117627449425186 15
45 130 0.133519193768181 24
54 154 0.245130593127477 3
14 138 0.184087788924935 14
66 145 0.187087557941464 5
3 133 0.103410037717417 17
8 44 0.142779485065258 22
57 132 0.110880486878407 25
90 20 0.158187459394356 18
50 31 0.232912878432425 21
33 20 0.174109960826697 24
95 138 0.166876623862919 14
39 130 0.22203240417459 28
24 95 0.179271615028903 22
51 1 0.112080223880597 17
90 40 0.180191152086337 18
72 114 0.101411653252626 4
80 115 0.165955966256378 5
10 133 0.108271817645038 21
96 4 0.101867950419561 25
99 18 0.297249228212573 21
23 30 0.146716918280021 31
102 1 0.140118487268862 20
17 97 0.134705873221412 19
96 30 0.164590935012308 22
60 44 0.163128836149161 22
38 130 0.215668907960238 30
27 6 0.215668907960238 21
2 116 0.14182116280317 16
14 93 0.201825022548023 12
24 137 0.100688380370073 26
92 38 0.100032162623643 23
30 17 0.312652191520628 25
38 34 0.186692431744405 23
30 99 0.101262513835081 24
96 24 0.127310876595193 23
57 106 0.132029905503092 19
45 8 0.115384101820384 19
35 78 0.176915466250432 23
30 137 0.167668839036044 26
59 86 0.102139958118149 33
8 86 0.30754930541001 31
35 28 0.125382686631568 23
123 155 0.16235530247019 2
46 29 0.17841417552727 19
2 84 0.123761401349271 21
22 97 0.113811359677884 24
22 38 0.196465358850865 32
14 43 0.156666218304691 12
27 4 0.175269992076845 28
30 86 0.410873395181028 33
24 38 0.134328658980311 29
15 20 0.115787421789966 16
90 18 0.230895431917076 16
110 33 0.17535897569774 14
99 20 0.262600107777656 22
4 50 0.134418910789022 31
69 31 0.127023618535787 17
35 5 0.131303893243658 22
90 29 0.159483278532809 22
106 29 0.114605187458092 20
95 12 0.179271615028903 24
38 50 0.188923195005805 30
59 133 0.240624492784717 18
100 79 0.208800127929515 5
4 8 0.127813381933605 27
102 28 0.213277661122257 21
32 39 0.201612843603565 25
124 19 0.228899079423336 16
4 90 0.254679397107833 23
29 97 0.108271817645038 23
78 86 0.227919551321636 32
50 29 0.130269800657857 30
57 130 0.218720118317258 30
2 31 0.103020292733584 19
84 38 0.109279124690976 23
37 50 0.21102091962535 29
27 24 0.382051806033251 26
28 13 0.106816490528707 16
32 45 0.173579846542033 21
2 42 0.236165405305723 22
57 38 0.208917008472756 30
106 130 0.186464652892048 20
107 156 0.188065616049889 4
107 130 0.130989571911532 19
125 118 0.112140647123219 2
96 41 0.12143320070433 18
54 145 0.101678681345383 5
10 157 0.100524464040086 16
126 82 0.118468670769209 17
127 158 0.378836455136382 1
32 99 0.123382502043353 24
13 86 0.260080934411061 24
32 106 0.114045304920556 17
87 4 0.114774346741432 21
38 59 0.174031439021502 28
37 84 0.161300427106992 22
57 99 0.192830676893811 26
31 82 0.404252020946132 23
128 147 0.104593875937348 1
23 102 0.104078410433411 26
78 102 0.176172678992072 21
15 16 0.165072971555713 13
60 135 0.132762201816914 18
84 34 0.143454192871025 16
98 21 0.189681610648207 4
37 40 0.110428380716056 25
25 102 0.140724578936339 23
27 1 0.140319452316659 23
69 95 0.180375278763266 19
102 26 0.11957208046999 18
32 44 0.121656953855319 24
78 44 0.143282164509829 23
27 26 0.189811956162793 21
30 45 0.258323792447025 22
50 17 0.12008448286038 27
8 137 0.120016864172346 23
60 20 0.103092961896351 22
96 38 0.197453720525551 24
49 29 0.109457618243786 18
11 47 0.28994523545124 8
30 138 0.133624914521803 19
57 96 0.101597485923792 24
129 8 0.145883726901453 11
78 95 0.200989995838341 20
130 136 0.159257712607003 17
63 159 0.129407447833949 2
116 26 0.145490868580914 12
107 21 0.11481711942095 6
102 88 0.235665690685107 16
11 114 0.126959182112689 5
102 59 0.167974601795264 22
118 104 0.120448731686638 4
112 116 0.145443400649858 4
92 133 0.187316777655421 14
37 44 0.152638183614817 25
23 90 0.185182330113764 24
62 160 0.145964121643013 2
78 161 0.106516885350337 12
37 88 0.145677750749647 21
97 132 0.100179905078272 18
99 8 0.164663998669618 22
102 18 0.11222641509434 19
99 38 0.22110910617192 26
76 80 0.161862113644348 6
76 109 0.109075351054702 4
60 132 0.104337984025264 21
55 89 0.128220568934328 13
32 31 0.232167898759116 19
13 82 0.222675205155104 21
96 95 0.137629829136914 17
27 97 0.127608761552481 19
15 26 0.385244897008129 14
36 124 0.211488031058706 7
99 42 0.119247624234771 20
95 132 0.100100111400741 19
93 81 0.134972942633963 20
4 116 0.120275087270685 19
23 106 0.166214099121212 22
96 18 0.112580946303673 19
